sqrt(-1)         = (0, 1), approx? True
sqrt(i)          = (0.707106781186548, 0.707106781186547), approx? True
exp(i)           = (0.54030230586814, 0.841470984807897)
exp(iπ)          = (-1, 1.22460635382238E-16), approx? True
i^i              = (0.207879576350762, 0), approx? True
ln(i)            = (0, 1.5707963267949), approx? True
sin(iπ)          = (0, 11.5487393572577)
sinh(i)          = (0, 0.841470984807897), should be i*sin(1) = (0, 0.841470984807897)
cosh(i)          = (0.54030230586814, 0), should be cos(1) = 0.54030230586814
