Start: (4, 4)
Minimum: (2.9999991220145, 2.00000396060274)