Start: (2, 2)
Minimum: (1.00000255005269, 1.00000505111707)